5 0.709 0.9393333333333334 0.062 0.11866666666666667
5 0.17533333333333334 0.3313333333333333 0.050666666666666665 0.04666666666666667
5 0.2713333333333333 0.5133333333333333 0.044 0.12266666666666666
5 0.4036666666666667 0.4266666666666667 0.06466666666666666 0.10666666666666667
5 0.5313333333333333 0.49333333333333335 0.03866666666666667 0.04533333333333334
5 0.5626666666666666 0.42333333333333334 0.037333333333333336 0.068
5 0.5116666666666667 0.6846666666666666 0.01 0.08666666666666667
5 0.5373333333333333 0.6593333333333333 0.02266666666666667 0.04133333333333333
5 0.527 0.594 0.03 0.04933333333333333
5 0.444 0.634 0.02666666666666667 0.08666666666666667
5 0.4703333333333333 0.6346666666666667 0.012666666666666666 0.048
5 0.492 0.6146666666666667 0.014666666666666666 0.042666666666666665
5 0.688 0.6326666666666667 0.029333333333333333 0.08933333333333333
5 0.731 0.6093333333333333 0.023333333333333334 0.06666666666666667
5 0.7826666666666666 0.558 0.014666666666666666 0.036
5 0.8296666666666667 0.5673333333333334 0.022 0.10533333333333333
5 0.874 0.5446666666666666 0.030666666666666665 0.07866666666666666
5 0.5926666666666667 0.7673333333333333 0.036 0.08133333333333333