5 0.72 0.5577777777777778 0.19333333333333333 0.08888888888888889
5 0.5966666666666667 0.6588888888888889 0.10666666666666667 0.08666666666666667
5 0.5133333333333333 0.8255555555555556 0.09333333333333334 0.11777777777777777
5 0.6416666666666667 0.7311111111111112 0.09666666666666666 0.04888888888888889
5 0.7816666666666666 0.7344444444444445 0.13666666666666666 0.06888888888888889
5 0.8616666666666667 0.49 0.08333333333333333 0.08222222222222222
5 0.7866666666666666 0.41 0.12 0.09555555555555556
5 0.08 0.5411111111111111 0.14 0.10888888888888888
5 0.18 0.5688888888888889 0.10666666666666667 0.06666666666666667
5 0.38166666666666665 0.6233333333333333 0.15666666666666668 0.07777777777777778
5 0.445 0.5966666666666667 0.12333333333333334 0.07777777777777778
5 0.5316666666666666 0.5066666666666667 0.15 0.06666666666666667