5 0.315 0.14269406392694065 0.15 0.20319634703196346
5 0.794 0.1506849315068493 0.184 0.1461187214611872
5 0.421 0.7899543378995434 0.174 0.228310502283105
5 0.578 0.4509132420091324 0.128 0.12557077625570776
5 0.071 0.5068493150684932 0.138 0.1643835616438356
5 0.1 0.20205479452054795 0.096 0.16666666666666666
5 0.216 0.19292237442922375 0.108 0.13926940639269406
5 0.559 0.2328767123287671 0.294 0.2054794520547945
5 0.776 0.4794520547945205 0.34 0.2146118721461187
5 0.804 0.6335616438356164 0.276 0.24429223744292236
5 0.435 0.5970319634703196 0.338 0.23972602739726026
5 0.688 0.821917808219178 0.236 0.3515981735159817