5 0.6054545454545455 0.7597087378640777 0.07636363636363637 0.1650485436893204
5 0.4254545454545455 0.5036407766990292 0.08727272727272728 0.13349514563106796
5 0.8418181818181818 0.8616504854368932 0.09818181818181818 0.27184466019417475
5 0.8790909090909091 0.7245145631067961 0.1290909090909091 0.08495145631067962
5 0.81 0.5764563106796117 0.11454545454545455 0.0703883495145631
5 0.22636363636363635 0.47694174757281554 0.12545454545454546 0.20145631067961164
5 0.07818181818181819 0.8422330097087378 0.13454545454545455 0.2815533980582524
5 0.20545454545454545 0.6783980582524272 0.06181818181818182 0.08009708737864078
5 0.2381818181818182 0.8058252427184466 0.08727272727272728 0.2087378640776699
5 0.30636363636363634 0.662621359223301 0.07818181818181819 0.0825242718446602
5 0.35363636363636364 0.6322815533980582 0.10727272727272727 0.10436893203883495
5 0.43363636363636365 0.8495145631067961 0.10363636363636364 0.2815533980582524
5 0.7245454545454545 0.7851941747572816 0.1 0.27427184466019416