0 0.788125 0.46511627906976744 0.14625 0.38205980066445183
0 0.658125 0.46677740863787376 0.09875 0.44518272425249167
0 0.481875 0.24003322259136212 0.13375 0.287375415282392
0 0.2925 0.728405315614618 0.1375 0.38704318936877075
0 0.3575 0.4601328903654485 0.1025 0.16611295681063123
0 0.269375 0.21262458471760798 0.07625 0.1760797342192691
0 0.169375 0.26827242524916944 0.07125 0.17109634551495018
0 0.961875 0.574750830564784 0.07375 0.36212624584717606
0 0.679375 0.13704318936877077 0.12375 0.23754152823920266
0 0.23125 0.5224252491694352 0.0625 0.2009966777408638
0 0.46375 0.8064784053156147 0.075 0.12790697674418605