1 0.35475 0.5498333333333333 0.112 0.243
1 0.262375 0.4871666666666667 0.09175 0.181
1 0.166625 0.6101666666666666 0.08575 0.29033333333333333
1 0.23275 0.38 0.1275 0.1
1 0.39575 0.39016666666666666 0.144 0.111
1 0.363625 0.31166666666666665 0.15825 0.10933333333333334
1 0.209375 0.3125 0.11425 0.11433333333333333
1 0.191 0.245 0.1275 0.154
1 0.08925 0.5523333333333333 0.119 0.13333333333333333
1 0.22425 0.906 0.1135 0.18733333333333332
1 0.202375 0.7766666666666666 0.12625 0.12533333333333332
1 0.249375 0.6846666666666666 0.11325 0.09066666666666667
1 0.35475 0.9093333333333333 0.124 0.18066666666666667
1 0.385625 0.7878333333333334 0.11675 0.135
1 0.456 0.8121666666666667 0.0855 0.165
1 0.53575 0.8996666666666666 0.1215 0.18733333333333332
1 0.569 0.6475 0.081 0.19366666666666665
1 0.538625 0.7156666666666667 0.11325 0.108
1 0.62675 0.6148333333333333 0.1085 0.195
1 0.59275 0.4728333333333333 0.15 0.11766666666666667
1 0.518375 0.3665 0.06775 0.127
1 0.4065 0.3893333333333333 0.1465 0.046
1 0.388625 0.103 0.07025 0.08866666666666667
1 0.77425 0.7266666666666667 0.106 0.29533333333333334
1 0.87725 0.4721666666666667 0.1715 0.16033333333333333
1 0.914875 0.6131666666666666 0.11325 0.14766666666666667
1 0.901625 0.3363333333333333 0.12975 0.13666666666666666
1 0.71125 0.39516666666666667 0.0965 0.060333333333333336
1 0.630875 0.31566666666666665 0.19275 0.11133333333333334
1 0.651125 0.17916666666666667 0.10475 0.111
1 0.46125 0.20533333333333334 0.101 0.116
1 0.340875 0.25283333333333335 0.12025 0.08433333333333333
1 0.435625 0.5663333333333334 0.08325 0.21266666666666667