5 0.32254901960784316 0.9268518518518518 0.2803921568627451 0.11666666666666667
5 0.6245098039215686 0.8212962962962963 0.13529411764705881 0.1425925925925926
5 0.39215686274509803 0.4935185185185185 0.11372549019607843 0.19814814814814816
5 0.8254901960784313 0.34814814814814815 0.20784313725490197 0.10740740740740741
5 0.6862745098039216 0.4601851851851852 0.11764705882352941 0.18333333333333332
5 0.6352941176470588 0.37592592592592594 0.11372549019607843 0.1111111111111111
5 0.7352941176470589 0.2722222222222222 0.1450980392156863 0.07407407407407407
5 0.22941176470588234 0.3111111111111111 0.13333333333333333 0.1037037037037037
5 0.32941176470588235 0.3888888888888889 0.1568627450980392 0.25925925925925924
5 0.5480392156862746 0.45740740740740743 0.14313725490196078 0.22592592592592592
5 0.5362745098039216 0.5907407407407408 0.16666666666666666 0.12222222222222222
5 0.3813725490196078 0.7527777777777778 0.26862745098039215 0.21296296296296297
5 0.907843137254902 0.687962962962963 0.1803921568627451 0.2574074074074074
5 0.7764705882352941 0.8481481481481481 0.2549019607843137 0.25925925925925924