5 0.775377969762419 0.8722995679308689 0.175377969762419 0.1843494959193471
5 0.6688984881209503 0.3295727316370619 0.061771058315334776 0.0801728276524244
5 0.6354211663066954 0.36821891502640425 0.0898488120950324 0.07969275084013443
5 0.6265658747300216 0.16514642342774843 0.3071274298056155 0.1497839654344695
5 0.21706263498920086 0.18650984157465195 0.42807775377969765 0.2088334133461354
5 0.12721382289416847 0.6466634661545847 0.25356371490280777 0.6308209313490158
5 0.27473002159827214 0.5091214594335094 0.1978401727861771 0.2328372539606337
5 0.5071274298056155 0.4385501680268843 0.12008639308855291 0.1243398943831013
5 0.4064794816414687 0.4071051368218915 0.11231101511879049 0.1603456553048488
5 0.49611231101511877 0.6675468074891983 0.1473002159827214 0.22899663946231397
5 0.7319654427645789 0.6303408545367258 0.1913606911447084 0.11617858857417186
5 0.8557235421166307 0.7208353336533846 0.28768898488120953 0.14258281325012
5 0.6565874730021598 0.8089294287085934 0.16501079913606911 0.2169947191550648