5 0.8953634085213033 0.3446280991735537 0.18170426065162906 0.20330578512396694
5 0.668546365914787 0.37272727272727274 0.12656641604010024 0.20330578512396694
5 0.8201754385964912 0.1859504132231405 0.15914786967418545 0.1933884297520661
5 0.7005012531328321 0.10578512396694215 0.13784461152882205 0.19173553719008266
5 0.8270676691729323 0.6983471074380165 0.040100250626566414 0.07768595041322314
5 0.8984962406015038 0.7181818181818181 0.042606516290726815 0.12396694214876033
5 0.8220551378446115 0.6099173553719008 0.05263157894736842 0.1487603305785124
5 0.6892230576441103 0.8537190082644628 0.09273182957393483 0.16363636363636364
5 0.7493734335839599 0.6595041322314049 0.07769423558897243 0.1652892561983471
5 0.7155388471177945 0.71900826446281 0.06015037593984962 0.07272727272727272
5 0.6472431077694235 0.7107438016528925 0.09649122807017543 0.13884297520661157
5 0.6040100250626567 0.8355371900826446 0.16290726817042606 0.15702479338842976
5 0.03884711779448621 0.8214876033057851 0.07518796992481203 0.17851239669421487
5 0.2412280701754386 0.640495867768595 0.03884711779448621 0.08760330578512397
5 0.26127819548872183 0.8677685950413223 0.06892230576441102 0.09917355371900827
5 0.33709273182957394 0.8958677685950414 0.05764411027568922 0.09256198347107437
5 0.17167919799498746 0.7826446280991736 0.07268170426065163 0.11735537190082644
5 0.41290726817042606 0.7165289256198347 0.08646616541353383 0.08760330578512397
5 0.29699248120300753 0.6652892561983471 0.06516290726817042 0.09090909090909091
5 0.18107769423558898 0.656198347107438 0.05639097744360902 0.09586776859504133
5 0.12155388471177944 0.23884297520661157 0.15037593984962405 0.11735537190082644
5 0.3101503759398496 0.2793388429752066 0.16416040100250626 0.09256198347107437
5 0.22431077694235588 0.17024793388429751 0.12280701754385964 0.21487603305785125