5 0.653125 0.7136038186157518 0.06041666666666667 0.11933174224343675
5 0.8552083333333333 0.4212410501193317 0.11875 0.14081145584725538
5 0.725 0.5071599045346062 0.13333333333333333 0.12171837708830549
5 0.4354166666666667 0.7136038186157518 0.075 0.09069212410501193
5 0.49583333333333335 0.6324582338902148 0.09166666666666666 0.10501193317422435
5 0.5291666666666667 0.6026252983293556 0.0625 0.11217183770883055
5 0.409375 0.5369928400954654 0.052083333333333336 0.081145584725537
5 0.43020833333333336 0.44272076372315033 0.12708333333333333 0.11694510739856802
5 0.25833333333333336 0.6133651551312649 0.08333333333333333 0.162291169451074
5 0.17395833333333333 0.5799522673031027 0.09375 0.11933174224343675
5 0.1375 0.4916467780429594 0.14583333333333334 0.12410501193317422
5 0.7010416666666667 0.7147971360381862 0.06041666666666667 0.09785202863961814
5 0.6833333333333333 0.6205250596658711 0.0625 0.13842482100238662
5 0.7958333333333333 0.5990453460620525 0.10833333333333334 0.10501193317422435